20200101 0111111110111111110110001110110111110011
20200102 0111111111111101111111111111110111110101
20200103 0110111110111110111101111011111111100001
20200104 0111001110111101111101111111111110110111
20200106 1010111111011101010110100111101101110111
20200107 1111111111101001111111111011101110101011
20200108 1011111110011101010111011010001111111111
20200109 0111111101011111111100011111101111110110
20200110 1011101110111100111110011011111011101111
20200113 1101111101101111101010111011100111111011
20200114 1111111101110011101111111111111011111111
20200115 1111111111100111110110111111111111111110
20200116 0111100111111011011111111101011010100111
20200117 1110101111001111111110010110111110100111
20200118 1110111111111111010111111010111100101111
20200120 1111011001111110100011111111110001100100
20200121 1110110111111011111111011111011111101111
20200122 0100111011111111110111101001011011011111
20200123 1111111001111011110101111101111111001101
20200124 1111001110111100101100011111110111110111