20200101 1101000111011111110010110010111011101110
20200102 1111101111101111111101111111011101011110
20200103 1110111101101101111110111101111100111110
20200104 1000101101111110111101101011101111010110
20200106 0011111111110010011111111111111111011101
20200107 1100010001111111010111110101100101101101
20200108 1011111111111101110110011111110111100111
20200109 1101110010111111111100111011110100011011
20200110 1111000110110011000110011011111111011011
20200113 0110101101111110111101111111111111101111
20200114 0111100111110111011111100101111110111111
20200115 1011111110010010111100011111111111011111
20200116 0110110111011000111001111111110101110111
20200117 1110110111101110111011111011111111111110
20200118 1101101111100101111111111001011111011010
20200120 1111111111110111010011101111111010101111
20200121 1101110110110011111010010111100010110111
20200122 1001111111001010111111111001111011111011
20200123 1111101110001111111011111001011010100111
20200124 1111111011111101111100110111110101111110