20200101 1001111011111111110101111111111101010110
20200102 1111110110011111111111111110110111011011
20200103 0111111100011101111111101111101111111101
20200104 1111011101110011110111011111011111101111
20200106 1101101110111111110101011111010100110101
20200107 1101111111011001101111111101100010101010
20200108 1110111110101110111111111111111000011110
20200109 1001111110011101111101101111001110101111
20200110 1101101111111110011011101001110110111000
20200113 1100110111111111110010101011101111101110
20200114 1110011101111011011110001100111101100110
20200115 1011001011111111011111011011101101101000
20200116 1101010111101111111011110011101011111101
20200117 1111111010111111110011011111111110111111
20200118 1011111111111111111011101110011111001110
20200120 1111111111111111111111111110100011110001
20200121 1110110111000111101101111001101111111111
20200122 1111111110111100111111111111001110101111
20200123 1110101111111110011111001101011101111111
20200124 1101101111011110011111111101111011101011